grp mapk g5sd cg9005 GB10722like cg11971 endopep kul mcp CAH1 oxred jdp tif2B RfaBp fax sh3B sparc tctp tun ef2B GlyP CG33293 Vg1 per malvolio InRA InRB IRS usp PI3K pkg ip3s ilp2
F 4.09125089844194 0.864416342367745 3.01184501334540 1.64931302680481 3.15347570599521 2.11857931870170 2.54423470593613 2.09830622924804 . 2.5502383718835 . 1.33756540757705 3.71692828196628 2.38622664014623 2.83111779698918 2.91233115355504 2.10340217912468 2.97726453989072 5.00269975751461 . . 4.10545006718882 3.54741029777797 . . . . . 0.393734438725767 1.40024460244662 1.61197349512563 0.845224927631627
F 3.9543619288298 0.698726934738143 2.73426633547050 1.62734606006186 2.55931474356739 2.10145936068500 2.61861465181616 1.87266196102742 1.25146458310059 2.72146857075687 3.09443668642633 1.65174319034544 3.67398609660893 2.19893711011453 2.40608397188095 2.72707860719786 1.76657539589063 3.14022656589393 4.53578291530743 1.39509194861173 2.80994471711686 4.49809765010405 3.40839210413001 1.08875331497508 1.25930086408940 1.68113921946259 1.75289517521659 1.8941093574918 1.08422799565058 1.16206565874218 1.32117407078743 1.40548636084453
F 3.63871799264599 0.139492166858581 2.65726779373352 2.61559728210436 2.70746969931031 2.32185954161274 2.55012447139875 1.96739336617011 1.09744851174237 2.66367091469279 3.08768778729842 1.12877640928564 3.81295752329414 2.43736263385324 2.44040628376331 2.54911355344657 1.69354605578310 3.05203481568466 4.36102935156053 1.65395484505523 2.41242107877823 3.19800562952398 3.82551202685471 1.23974575384385 1.13685107758385 1.36497608280478 1.79444751984734 2.15678590054404 1.36978050488273 1.46184313232399 1.45746040289417 1.75370672706436
F 4.08330687040622 0.586846778903177 3.12423955393627 2.98071375812322 3.15402143518275 2.39687338721474 2.42954447468607 3.06606812950014 1.46888017850082 3.08898629545921 3.87558654703778 1.20331758971972 4.84629415636541 2.32162752945759 2.74683421635274 2.52728135822385 2.08805149442948 3.48687648267725 4.88939160227089 2.33907776149191 2.96194226738102 4.06100038966457 3.5991251368827 1.87623449350396 1.69000189960249 2.1471456914549 2.44391736697028 2.72335875824758 2.22273344206801 1.47338530994360 1.98426368687017 2.77792819186661
F 3.80077877014494 0.116664187757218 2.53733645227216 2.92446347482262 2.69183802441702 2.15665764287797 2.36836674737121 3.16362726609347 1.51515294691797 3.02866595699629 3.4043723361558 1.67943619565857 4.72142773868678 1.89888637390184 2.6744472255379 2.32975911215194 1.80721475200415 3.39526518760737 4.79339644234783 2.00273330908494 3.1606995708517 3.93409593598741 3.51435242094118 1.55696508056038 1.51834718620196 1.71416227578995 1.90195124552899 2.13666296742338 2.01486968665336 1.80911891831504 2.30612691333676 2.62894162365981
F 3.67727222511283 0.314953065477683 2.22045845711634 . 2.29490961170745 2.23006934488628 2.59653239782483 2.95762310640449 0.561246685869536 2.83204207014737 2.59784798329827 1.43950782330473 . 1.95077259390058 2.55696751018036 2.41353183658607 1.76453248950730 2.41802627754532 4.56082239982971 0.609283335798671 2.03294920423333 3.08506887428107 3.04634125885548 0.261326264393302 0.677876626885947 0.95808328884626 1.64123738695955 1.19948707848435 . 1.58716721114743 1.70538121904407 .
F 3.45761413535501 -0.207713829089104 2.15881033001304 2.49910372601712 2.6506183145779 2.02222194508591 2.76067630024411 2.7963991165217 1.05087026001269 2.21618338466416 2.85078748088377 1.49622269588927 4.2320345770283 2.32056620940490 2.85408996189208 2.41361363499849 2.30944640029704 2.62169780693570 4.78133801403893 1.09826126039823 2.38729363716501 0.816220022709583 2.43617612134032 1.40037180726874 1.30369975219768 1.14634964486141 1.83827482576119 1.83206894843477 1.76378874365830 2.01646606501822 2.14410136405386 2.45682382608736
F 2.85474682550092 0.322418950145520 2.55004760661225 3.08862658294653 2.53040887492255 2.50086833165701 2.37971528648977 3.11203554823728 1.23454266808801 2.56943949246978 3.21907636475873 1.64714082045757 4.51033328017196 2.33439756739989 2.86447623320816 2.34946390788915 2.63721892650161 3.43468657277335 4.99195387800781 1.47428440489225 3.05676476512143 2.93153577392040 2.25460965684359 1.52032790576998 1.51639785395343 1.48510642489218 1.927966549838 2.34462337154091 1.63628946113655 1.89159777551545 2.02353058914228 2.07586896763001
F 3.1953636472902 -0.0090490191566148 2.16205544100526 2.78982844800973 2.24589854427882 2.09084836084371 2.42512860181845 2.17379069166108 1.05797368010940 2.21569908996295 2.96193450959563 1.25962389272145 4.13666549677023 1.87452267299404 2.52206899595672 1.95487272208071 1.89344263170315 3.30704170849183 4.43832898775391 1.08542630105231 1.94707812384998 3.16830576362134 2.30519368765059 1.36298845098809 1.24696858486046 1.42053483285568 1.85579406654234 2.07138517614152 2.12885912802642 1.21954954453751 1.48112715426606 2.51631648861285
F 3.51513177634733 0.0819183629165556 2.63174652785246 2.66622645499634 2.36517127205148 2.19947670605610 2.53291587418269 2.46273201650862 1.08349452225394 2.17245146428355 2.83580175593187 1.39039424509793 3.96455568146487 2.30268628787367 2.68793708160832 2.34454857976406 2.3255423470619 3.35632497305642 4.57183478436405 1.38437294137467 1.99526015648326 2.76093135084661 2.82509317038442 1.6383534981475 1.50605854411837 1.54107834037073 1.97521589570263 2.11369984221308 1.53334144144947 1.20631772285425 1.68535414869239 1.6740076830834
F 3.41014737736341 0.89208393725512 2.81097747883624 3.42179348492268 3.18107837679249 2.88413607861848 2.65629251820125 2.3070969990204 1.75820606383897 3.18266277615424 3.79930833637457 1.47921427742823 4.77362377550272 2.58570560231811 2.98702865672983 2.97493347023920 2.48880279992818 2.80871752092506 5.49925174996874 2.30903832602345 3.35461734835322 3.70462380873032 2.82447100563924 2.01122582794898 1.76767821263818 2.27997960334651 2.35383432641093 2.54399244115312 2.10654216731239 1.76992345600322 2.21243497713134 2.94286800899662
G 3.70331648682837 -1.00530671674827 1.63425974594338 2.72161787586028 1.45550320928220 1.97695655439133 2.09855361196895 2.05643100579241 1.05394007907334 2.29773173448007 2.46248541192189 0.826956790728378 3.79600092338245 . 2.47504080869880 2.1207673692549 2.84070077258433 2.67584569139452 5.1057583654878 0.740618666130997 2.0121259680991 1.99500054026094 3.35205801152742 0.62832435234428 1.31836468317091 1.89876590461655 1.95679889377443 1.78752022966926 1.83796518547607 1.65468753054658 1.79854815718644 2.64769066914635
G 3.45798235911675 -0.655544506495409 2.1983746934768 2.01230343120261 2.57819501437341 2.5483864857161 2.00713371751781 2.37778625311429 0.816377486198559 2.15437390607174 3.45177436122415 0.964967441988872 4.49212342893558 2.67351738125318 2.8671400346316 3.80217900953238 2.70437525675847 3.42799045340953 4.9132162722468 2.29859996290076 3.28634851212707 2.60755914369863 2.98975821434434 1.86739826312367 1.78128013564428 2.06904388541657 2.3122361711548 2.80701671865245 2.08292172879737 2.16087313056503 2.30103479189807 2.35938150242942
G 3.50776786501375 -0.684387776400321 1.46106334868335 . 1.59004599878352 2.24346482656741 2.54700868948888 2.15697163383868 1.51696723143464 1.75595196444611 3.12610997351334 1.16074645290481 . 1.86232308422904 2.50767986052901 2.1026126314876 2.56304173140708 3.2434472593851 5.00083597050758 1.31810197273227 2.85250142146259 1.86624688248014 3.13862799615878 1.80991908084623 1.72672535863965 2.06154853739246 2.10555302524532 2.36947943076525 . 1.08897274384929 1.99832456760539 .
G 3.66589405215984 0.619953713196142 3.20346029377723 2.87863964950865 2.46419250218338 3.27000785425325 2.42374242928938 2.38187323913454 1.7065047302642 2.60447357484861 3.26472914740354 0.377379781767623 4.94216557145737 2.67968008143086 2.67563457936837 3.04806823917092 2.97009015657697 3.26235296656341 5.2247541383021 2.54247208726407 3.47386976432640 3.37823532662623 3.07659264684786 2.23840640044374 2.11524066266488 2.63440839719826 2.48230827693921 2.89778543080693 1.90021214921434 2.10384362426557 2.64287218664348 3.16552133398971
G 3.42120240677517 -0.60968038484939 1.78372864161591 2.65095491468145 1.72124874996419 1.91064879642194 2.00854542713859 2.40211445044631 1.51457074848376 2.01449164260463 2.95430280289079 1.58214728793150 3.8292976376375 2.14345898958233 2.46872281176836 1.99630569058333 2.42309711269499 3.10204200856055 4.55622707512291 1.24712148521101 2.97914333482454 2.99477051120882 3.14214081738454 1.84780830475064 1.86346583363867 2.13148035185142 1.87098160955905 2.06416361372515 1.77085442349191 0.701484776010626 1.58286378740881 1.93294829167621
G 2.88352056419702 -0.405586115429255 1.96934217650122 2.33609182007009 2.06445518003379 2.78540931114654 2.1738500651142 2.22223713873751 0.72688220170352 1.77885033710302 2.43934505567282 1.48667498266244 3.98029361614757 2.22427862717991 2.53778447980232 3.03062362854604 2.36965001384462 2.93671549284301 4.92391674695505 0.644194408170513 2.56625058741759 1.57205707367341 2.32712247402443 0.68077288377363 1.66855042688633 1.65607910254525 1.99594980439427 1.36761103467273 1.07264387592404 1.06288538239074 1.91484638478344 1.87086369050712
G 3.09144809834599 -0.00349580320608742 3.32402291775301 2.00932465032632 1.60655987485427 2.86341659878781 2.33205554181798 2.62555935473664 1.25373135659907 2.05395346279002 2.27873758819946 1.46358428335389 3.88724591276943 2.28992357318731 2.56269605144250 2.56620587540443 2.66340019463993 3.31478749646733 4.53811126464201 1.03533004475043 2.38459144069473 4.0123642355211 2.71088511227494 1.75411886704166 1.47526151183665 2.07941387879722 1.76768635637476 1.7296828041235 1.86628049891891 1.41019300006 1.70089728739738 1.67383697384762
G 3.34005486534484 -0.671342832553917 3.52409101003864 2.24974713253968 3.22943349600539 2.96974531866391 2.28114692893649 2.11984544881374 1.40699168609393 2.32239664181906 3.07429023338091 1.21505187415115 4.54362951347531 2.78485234072527 3.12738463941293 3.34348143595961 2.56486896961514 3.73947513022243 4.91601394366116 1.51792901857901 2.76039227199803 0.440480452619591 2.17538810985521 1.11865655343427 1.21993931843358 1.58794784621334 2.20010464816996 2.56756286235738 1.99804468735510 1.85633330224215 2.36364270341033 2.53291158511102
G 2.82678093569821 -0.812684964887653 2.46504393568664 . 2.28539366355147 2.47064915976123 1.97635338669822 1.95871151791650 0.732498846676975 1.19083297362156 2.42316173400989 1.12366213825475 4.20703197052638 2.23859394202209 2.41004794718873 3.03090446595705 2.19214101121496 2.77482309915947 4.52323622435404 0.734878297702968 2.00905660350321 1.06667019530983 2.04564119177963 1.04322064258621 0.801768284716922 1.24468085315463 1.65921863345911 . 1.83084389104281 1.22309399361361 1.90226099223238 2.38506679313661
G 3.46420723498222 -1.04250288985208 2.79064227177127 2.8667928360331 2.99551835067412 2.07147117502825 2.28226697085323 2.29878458018559 0.420204678296976 1.42269875640115 1.91315213048847 0.828309080684354 3.36909551991744 1.94939615159614 2.47671779578982 2.06408481595068 2.26322338590159 2.93042156102004 4.62736804047518 0.724152218052348 1.3228553952498 4.80258287992229 3.1245785519005 1.22375716674943 1.40603301578163 1.61181059539435 1.82533596641258 2.25156449826267 1.50395574493254 0.817540497862442 1.08716457963692 2.53537805860345
Q 3.85507505885017 -0.0751292642642445 2.90461051505416 3.56891250420189 2.147046800878 1.87288797182826 2.28948455444285 1.93359510060291 1.02373858752132 1.80703766099836 2.83148561710107 1.21614344075264 4.05941258328683 2.19633495952139 2.40216242825414 2.02886680485743 2.19172392087088 2.77510193646956 4.60225739793682 1.12479913393009 2.29410150894168 4.05674956021738 3.46878799043815 0.924852574471018 1.20283917200756 1.45040982403095 2.08129669481864 2.54446419267424 1.16331501507326 1.25091354507997 1.45590111081172 2.36193784750653
Q 3.30670914064025 0.0920689326333703 2.47861514974243 3.13007372549186 2.64504550749399 2.51961503421991 2.09758212678407 2.13547434308907 0.998150126833145 1.83546890706869 3.09319363790082 1.15460691445826 3.61966130725439 2.00831120887773 2.63173695809956 2.65805101636186 2.30353604069992 3.50108395258407 4.31216785268033 0.998113859812335 2.31802704990148 3.87054212722504 3.08478244578744 1.33888797658565 1.14593916052514 1.62355440425929 1.72561468095610 2.51891830651301 1.06879909240448 1.09283697694758 1.53285624012852 2.32404301619839
Q 3.78184475046304 0.0459387694713382 2.44068138807906 2.72314673943273 1.27230990484210 1.90306989898873 2.41141626893679 1.85783566690986 1.69103596377949 1.58772508586842 3.04648574726457 1.16018826956366 3.52942846074257 1.98123192506813 2.64844937169810 2.16953438482224 2.05284826678719 3.20638141378554 4.44307246188851 1.32470716054814 2.68832860252312 3.98456243377425 3.62799382636342 1.88806017345257 1.61617424233093 1.73023045940938 1.93334829256416 2.48366779939631 1.69012081513906 1.25685410266752 1.37997372793686 1.86199858605081
Q 3.64939840907725 -0.820071420001109 2.00829688801925 3.07644861582325 2.29078646208621 2.08370406918795 1.16962102027639 1.50997656243272 1.56236831723659 1.84657880232815 3.32095825747794 1.00541728696321 3.88745150350358 2.18010311583388 2.51084417820591 2.05159264858505 2.00033326187590 2.99680869400557 4.37058872041696 1.45008009898722 2.73310001818014 3.54120532276265 3.11982310649494 2.09323534326411 2.06803966158862 2.10881379739645 2.37453498817389 2.93698049686775 1.00016835377843 0.841313101677475 1.26028957241478 2.44002608317264
Q 3.15835664999204 0.660988953238517 2.84787318509255 2.79073845239106 2.45110328294720 2.23795270078406 2.08420467990489 2.53299831609634 1.5477363233966 2.31423220132756 3.62975685369837 1.45364478452715 3.99351165184362 2.41368688096185 2.79428575499669 2.38707861952355 2.18538228897073 3.41053544591045 4.75272015756451 1.51252591841010 2.97281066930216 4.65331804868800 2.76390752444644 1.93244482570486 1.78166031063392 2.05088477598195 2.01720796212231 2.69470156989502 1.61421876591997 1.89839062727781 1.83958631240992 1.80388696628776
Q 3.54783427499257 0.591071486186819 2.69169091469754 3.41832666752144 2.15625731763586 2.30481540400039 1.94656422081802 2.80807748030338 2.41048065271074 2.66469047537537 4.47890796593673 1.67536935051229 4.55786471910997 2.42512948648547 2.80333389570732 2.7998952326938 2.39127540977516 3.39479140715050 5.14257536290305 2.93603593012882 4.22158466444923 4.65864118744939 3.43350718606893 2.80676113722868 2.22331253034935 2.67833271160384 2.44018957929886 2.97907058534011 1.86225159183174 1.68459905694992 1.78289908167083 2.34778653969888
Q 3.51394786412782 0.0986776852061919 2.50890715300723 2.81372442754766 2.81678908364677 2.60491298984824 2.15677022356116 1.50639005385554 1.32793298872123 2.43524807115586 3.25380078601505 1.45604761344405 3.96152215630234 2.55982107643177 2.81590147225159 2.55087453951639 2.52271851842163 3.34478634728811 4.80046069781992 1.2860135883609 2.65059960340424 3.80339560374888 2.74951301425434 1.38806197297318 1.50635429157176 1.63790654784413 1.86450794625834 2.17086816751365 1.64454324594028 1.32005225637410 1.66713358081587 1.67740286913095
Q 3.23636570138548 0.483933161279164 2.72553052609745 2.77434923412890 2.9979072565627 2.77455528728255 2.39271003447388 1.78189672520572 1.45034370012739 2.95446768110172 3.31821174504036 1.62944694979881 4.06976229562672 2.28977185292434 2.75404388734099 2.56068450666972 2.32225830015109 3.3443523892888 4.95229957574053 1.43473017680103 2.96948341689375 3.7631602863265 2.51318178057934 1.85845441361283 1.70067380358502 1.93133414769361 2.02610088972747 2.33084849345809 1.16547679011493 1.62011213962692 1.92858333155405 1.85657743569214
Q 3.21652726916899 1.09498996931706 2.62211061317779 3.1323085819637 3.14135323569348 2.74496029811893 1.55869930628384 2.03635534516276 1.46077977096362 2.78905306306467 3.29708538257934 1.64579061292189 3.77895047893703 2.66475205316509 2.76004057247514 3.03525174015294 2.25931875934281 3.52635155398769 4.89845408884879 1.05964770004547 2.32204619138763 4.12322747266982 2.68492939674048 1.42134219722714 1.30367735110492 1.40629294960658 1.93237591597556 2.31635978481585 1.28355080711781 1.24697597036117 1.74950572107088 1.51471206987151
Q 2.75989018602725 -0.232418934995475 2.59016599782856 . 1.80059229471651 1.81577787084944 2.08675746493241 1.99681467502507 . 2.03036532722692 . 1.46731949374827 . 1.76906585605635 2.53902647493783 1.59335426116587 1.88025428010758 3.05556947955760 4.83262642428457 . . 2.67540785629269 2.08879379768229 . . . . . . 1.00474630883812 1.21284184782829 .
Q 3.48087602307161 1.20466261635090 2.28224829505413 . 2.5020018571583 1.90183680318753 1.96193950403981 2.83565489046633 . 2.54325126259347 . 1.64434220786085 . 1.88336222441289 2.75315313132751 2.26403759318180 1.77596307724382 3.28875406430126 5.13017181372288 . . 5.03233487919969 3.40226980640912 . . . . . . 2.17340962809778 1.73313780889433 .
W . 0.0920689326333703 2.47861514974243 2.96185532502393 2.64504550749399 2.51961503421991 2.09758212678407 2.13547434308907 1.41694334559581 3.06820729531250 3.16775447359232 1.15460691445826 4.80432509686538 . 2.84401712541012 2.65805101636186 2.30353604069992 3.29978897206086 5.48898594813448 1.65320175148328 3.12826475493276 3.39212125125108 3.75598760062206 0.85016280964092 1.21712883301898 1.44100920158695 1.89594446923801 2.03513989340947 1.87361450287709 2.07233019085655 2.25870462402212 2.740653167759
W 3.92907819530557 0.471829024697272 2.42327492205227 3.57782989761861 2.84500554198676 2.57940225549266 2.68573523051289 2.4981537679836 1.74779312670063 1.70125771705072 3.66671865752087 1.42680957258704 4.81889471727853 2.76738514458211 2.95137617686158 2.94077384972511 2.72442086752065 3.68714349821401 5.18363868240252 1.03012557477607 3.26448829790177 4.29324719558322 3.47515515205997 1.93928079479273 1.92370113014847 2.36585552920167 2.2615676627108 3.02868477669221 2.13184113639145 2.01944694791654 2.23252157714333 2.93776242470733
W 3.19718911901015 -0.114874923317096 2.57938504436094 2.50363320813352 2.51735205846854 2.2569793830638 2.13715369106884 2.46187912308905 1.36674462934294 2.75862879682017 2.63560043285534 1.14568873128697 3.69592502568131 1.88173857011003 2.40295915694024 1.78341179077452 1.61818772096844 3.15058841876773 4.17385882259965 2.21027406124565 1.99922628682922 2.35734350691458 2.82679609158359 1.67729162599363 1.35843982554055 1.25493771630188 1.85773188372401 2.44374093300757 1.62820412048041 1.29125220539390 1.47961050870821 2.21039304675451
W 3.47518146518962 0.855425753674439 3.22385039117068 . 2.29519978864588 2.77042319167009 2.37211936456419 2.27517741043468 1.64836575578213 2.09873803601037 3.62531938746694 1.65184857075949 . 2.65462161104879 2.8157661405701 2.98810158375208 2.49089816476092 3.29172814044363 5.06229144264427 2.18181670560628 3.29116690461494 3.28459539828887 2.88792354123571 2.07271446555538 1.76978369435623 2.08373506131887 2.17977731066577 2.64472360306685 . 1.75072981425897 1.87630533016265 .
W 3.37461549301316 1.38872964341139 2.82871796082718 3.45156740830251 2.90575712711722 2.51271027182486 2.28671787181898 2.29254182782262 1.90748720902499 2.92675436624079 4.03089107000547 1.49209455510503 5.11112289637299 2.32877901707652 2.86852881724223 2.89764413880327 2.59604245630235 3.10739336383985 5.22690460520224 2.35459986205614 3.53662006799601 4.60315144971048 3.40470309612469 2.23721433230786 1.65132851978423 1.85091719607210 2.04445452178628 2.47209332531032 2.41915441461967 1.80898410315044 1.91879042555564 2.49686050030739
W 3.01212576300441 0.568619588933735 2.34009588352408 3.29755797663593 2.58040787194863 2.73433309324294 2.24373319896681 2.90443972724101 1.34254582281981 3.20601913062965 2.89276960298867 1.04266442417050 5.05766378043801 2.63177048780954 3.01009069626089 3.05187080081972 2.57239342764562 3.46085143066436 5.23984860045379 1.80362372643105 2.99239922511416 3.7758769289236 3.08631940822866 1.57641759304882 1.52065522214037 1.92617363043105 1.99794226330538 2.15566469490289 1.71671194814413 2.0849320039687 2.26265176599182 2.70384169106734
W 3.3936622638325 0.130217056274679 2.53002085955890 2.72955216801632 2.20983605067539 2.11016228995977 1.81706538964169 2.69517142453445 1.19383428276601 2.66383934587451 3.08199657154959 1.57709507636431 3.98637026323649 1.95168991398793 2.62627349926269 1.94723213199354 1.63005203390921 3.15385078539978 4.43902457036012 1.26835495073762 2.53348512488622 1.84378276626549 3.01885712125761 1.85043085923841 1.44903077506227 1.38337901562691 1.85924275964842 2.2529967653769 1.65225426889184 1.67511965484514 1.85717878984785 2.45423066623174
W 1.59838539779948 -0.0307949855013222 1.80859118446415 2.32723853408552 1.82208936568579 1.68513667575120 1.21006346851665 1.9304476469184 0.627169971673948 2.13504138393896 2.75038963572766 0.931232190262177 4.00505258664333 1.55709522552150 2.05031937809776 2.01051621255470 1.7496389410055 2.30741227338922 4.39602975671449 1.25080740047519 2.42170856319983 0.304103475139452 1.67961605720706 1.16873891720957 0.382452129143148 0.746245764431399 1.25279076810896 1.69786848189353 1.16561661096770 1.16508038447851 1.16233116148575 1.82891193927109
W 3.39455892914716 0.0638456874337198 3.09226284474136 3.11679640939803 3.05999647581958 2.38944164133167 2.14634651836394 2.97428317757183 1.32940266170849 1.85622840981996 3.37022904115480 1.81052255311820 4.37323768727879 2.11614478578075 2.6739998107644 2.27530793083099 1.81907830507004 3.40244933097979 4.94225651972735 1.76018992045663 2.51506753611271 2.34460246876137 2.66127510531809 1.74235053866217 1.66075429255517 1.89589858928586 2.22521764528595 2.7429374357217 1.89720829098678 1.33218763906947 1.81859425726606 2.1348332012838
W 2.79087316336059 -0.665455246045655 2.78807567785806 2.43266536233734 1.87583756223243 2.39494401302138 2.35568794414574 2.7657297532001 1.26395015788593 2.53230632386448 3.13069144017395 1.39498548366135 3.76592236689849 2.30586042323897 2.73670561806785 2.27338354792856 1.97994812809103 3.41993002496487 4.74359004556419 1.26150742405824 2.14503392137585 1.20461419858865 2.00824195146481 1.92352474067831 1.52774348809397 1.74677408021304 2.39957867326621 2.78036000990977 1.82715791888162 1.23838408606717 1.60321539265122 1.88308590627403
F 3.58184022464866 0.491022122469429 2.77473585300386 1.98864113628895 1.95058264449821 2.75931267168138 2.25413638052335 1.92426012666086 1.37059765996042 2.03676561614934 2.07764158522972 1.10634878465762 4.22526492407061 2.93635741108790 2.85546303252463 2.96674600138582 2.99364269189809 2.70271914959837 5.16644277210369 1.17319528845453 2.45692049861559 2.75214944357412 3.46663393694633 0.746639984252449 1.07925894842738 1.86928769516348 . . 2.12519507614307 2.56438927756915 1.73714091544638 1.71803004080223
F 3.95096002449791 0.288814506006794 1.68543096670355 2.5689728676622 1.77869381746459 2.66772197354787 2.00996712569751 1.12996204283172 1.28579241237653 2.70704896670096 3.33013977292869 0.86665774262743 3.74299931873537 1.7608680893325 2.43457902933813 2.19487314822578 1.70516582315853 2.98123418229690 4.35870094367038 1.74554309003064 2.5290435439524 4.03431861741282 3.44850975602522 1.69765261513686 1.23861623074449 1.71411778650799 1.90016852835165 2.20669041240241 1.16336016288979 1.66337367243214 1.46012063288550 1.2790396359127
F 3.89464005355483 1.50485620453788 2.00054097838602 2.86900414331262 2.64821208241109 2.43166654932195 2.42735362868908 2.96572569557585 1.4916818439141 2.48349523754752 3.58580862068749 0.0934162055486913 4.82801289205291 2.35875368378742 2.68329285141644 2.83949790769334 2.45915618411831 3.23478866143383 4.82307954277491 2.43897649189885 3.07294152462423 3.66265662133361 3.57445164899599 2.05417501443195 1.83713915766423 2.2500956097736 2.42618451397187 2.84822515962373 1.30285174488515 2.18779245663342 2.01151550271037 2.50469081286143
F 3.51795188856413 -0.297612550168690 2.20490732265786 2.56921716049752 2.23194264742185 2.61696785805426 1.84770476791164 2.7203037520938 1.12090638483991 0.935509737916185 2.78036577739759 0.578695464890339 3.51496234083549 1.737405601323 2.43659189759239 1.73836493369103 2.02412873248691 3.17633894410404 4.34486979027753 1.34886800115162 2.07646181921293 5.10572284305957 3.06736455872205 1.49220785385771 0.923284021720494 1.40616848095846 1.84959148947759 2.54623674818750 1.46510588812453 1.64397053827392 1.46338502348445 1.58490830655741
F 3.81267542026044 -0.0913580099264532 1.94938126062828 2.67069185400153 2.31147198731184 2.17422681101549 2.51141979931684 2.05175112641579 1.65899245106160 2.03449588727814 3.58526824086743 1.26574011420209 4.08777061778909 2.07792326468040 2.54720054425995 2.37770425372423 2.06152378564721 3.37310063909029 4.42473776365543 2.01139122138763 2.77616382394111 3.3173288788472 3.19968900952091 2.0011056869204 1.60242993381394 2.06033988614554 2.53315015663103 3.05386834266658 1.46220346027012 1.86406613070968 1.68127790036912 -0.105134763364015
F 3.49610948224346 0.260965286353783 2.44367589117953 3.5336198471542 1.80923548683697 2.73283458183948 2.27459304575065 2.69338350231712 1.30267413675792 -0.0421262196522246 3.27018734108973 0.789695502640589 4.09330642354257 1.67600948427285 2.49071127033435 1.72430124100209 1.78146844784646 3.13646474481359 4.54498038212463 1.42596281056278 2.30621131031368 3.03695228485506 3.09869085688054 1.61925219442908 1.66313184298743 2.05418360369817 2.60544706556048 2.89496552371194 1.60544627644449 1.80569869852364 1.55937890862801 -0.127793895016365
F 3.58054521576677 0.216167837497780 1.87715474936970 3.05246523857009 2.07962677452317 2.51347159261906 2.27406421192592 2.51536035892426 1.04649339040556 1.79701982592629 3.18901445925898 0.362418000971056 4.35949443046984 1.93870918422924 2.36344451077316 2.09148621252461 1.88702686023816 3.26330908292 4.39373111916886 1.28701291376067 2.28773314682808 3.69652569695024 2.95526558049003 1.19749731351719 1.39071532424526 1.82881697895838 2.21719788723305 2.48677124368519 1.56180162828899 1.43771012300799 1.55964181248088 2.52603891616896
F 3.1863562281975 -0.880965697996835 2.07987857116854 3.31724778536186 1.89914409499218 2.25098501471102 1.98723762494119 3.09129074071428 1.09021220655817 0.619794084953678 3.01805378462067 0.43108691488014 4.31572870000899 1.41842209384185 2.40468408566348 1.71697372641404 1.62551997996468 3.14387387785339 4.42102448645695 1.45388501662803 2.39276879118106 3.16049600659392 2.17073092161871 1.59427533941659 1.12142743259959 1.66897686276953 2.08253849117738 2.36530173677047 1.97335659702001 1.83575125066147 1.82444357678596 2.50055285700778
F 2.80209018060419 -0.744006884750786 1.69346448933659 2.68573765058238 2.13128703357827 2.27578814033238 2.37324819553489 1.95852848762267 0.974834847408116 0.329487543200710 2.7121970576617 1.16772862808814 3.7089054143126 1.96849664289478 2.37780072289693 2.03875369180762 2.10163811492493 3.05521558550049 4.60294451101004 1.22618297234523 1.67025131643006 1.75807192913302 2.16900684212884 1.40048953126762 0.837665013130785 1.34284809287017 2.04204180953379 2.42544552792624 1.42857905337605 1.77780955335408 1.57847201990517 2.04568817729974
F 2.63503446301287 -0.000170064460140604 2.48638280972762 3.3896179311806 2.43529330314683 2.65715507304996 2.08697161934899 3.15740714693660 1.21103213849018 0.690559084326302 3.24820353244827 1.23766180341392 4.26572579689431 1.96290337148182 2.56076430463953 2.10023858859258 1.89268470355111 3.1919550918601 4.89930231204808 2.38557588157277 2.46756201415371 1.95155788481475 2.13028507243889 1.75036491499343 1.40036695110265 1.78500663675737 2.27764803302885 2.4511578450666 1.56774449666995 2.06592857642439 1.80587520513291 2.53465476767164
F 3.27581150501595 1.01937591692947 2.37080040892968 3.52340076649729 2.66127447658611 2.57694785595175 2.09212415130894 3.15061424306661 1.29646540940104 1.47521659043446 3.35941728942394 0.897387098761584 4.95027519562377 2.5331391982012 2.72127483553495 2.75981618708682 2.67568257580796 3.3949633906556 5.26324495727225 2.23041163307972 2.79980163182165 1.77781558691951 2.69382374999788 1.91996514075902 1.42605396750567 1.91524114047700 2.36983244194254 2.54264711642457 1.73335984422767 2.48282999503233 1.93797690679617 0.743385248391735
G 3.68007304123705 -0.113654818482646 2.06657711108442 3.5065147163877 1.94938667037456 2.83911325822491 2.51379556751283 2.25518001914399 1.81566077694937 1.6134949913483 3.40841695769297 1.31980201250391 4.58696649970415 2.77159147515416 2.50487282580086 2.95019543158829 3.51918623317404 2.98773780275894 5.02625736496564 2.02403458725663 3.07556141996341 3.0947264771834 3.68506099808108 1.76068495220434 2.09600049483079 2.88447049073162 2.57296125326094 2.56951537884043 2.22427657241513 1.95342030566927 1.73957850027223 2.65321189373256
G 3.77970765027312 0.786133662668728 1.43289713469389 3.07680623391902 2.05592953814625 1.9045072417903 2.04925214315424 2.85721659427027 1.33980267841695 1.25681104966193 3.21910431876148 0.675659508685618 4.46643522109099 2.0060576150342 2.24845757546154 2.56489631759341 3.0813576154406 2.80257619472503 4.93470671179103 1.95034463076287 2.83637305279712 3.75106222608956 3.44427982743637 2.00365537560763 2.14676415239087 2.64390164836152 2.56138501272535 2.45237329962864 1.70328447622032 1.7265324622496 1.60319661600072 2.23023953610453
G 3.68712842195154 -1.13292116466839 1.47293580302531 2.67621623463628 1.71962063653322 1.21930953314933 2.40987567487518 1.50912872840304 1.6111308785579 1.34718438983450 3.1321693468467 1.07506266012254 3.98729361859566 2.28857936913939 2.31987063351494 2.30612751121525 2.83523218717332 3.10170607611295 4.75043184671443 1.88659195919918 2.80840641610856 4.33548707599088 3.19981748292295 2.19132722207014 1.96982858051169 2.47010573803176 2.3554976057397 2.53235559746826 1.56909594851405 1.96909402826082 1.75897160751425 2.34820872517913
G 3.68324619204524 -0.328682555122321 1.92674800803257 2.49497520797547 1.93077333476204 2.55938080488856 2.26416126224562 3.03782697783548 1.35337284629256 2.114603669329 3.11652251636037 1.16734341479162 4.38761829714969 1.74000431381315 2.49689903614008 1.96265606454646 2.35147468079221 3.31388828763193 4.96210358652404 1.95834734266755 . 2.46212110300777 3.25304862641897 2.16545718350638 1.87374367558809 2.36157327068352 2.27971382824225 2.45924510752017 1.47064286246779 1.87698376005223 1.80538784625084 2.95236704776095
G 3.73632857663169 0.0765803205230842 2.06965316646115 2.19295988533984 1.95902514176134 2.35827917967455 2.56513187926496 2.58110166528247 1.47094543394858 1.16076703336687 3.49847592599564 -0.160110185792747 3.82663743337388 2.4343243306678 2.49508715216947 2.52902576283422 3.17202586528398 3.22212254855216 5.26116052215168 1.71537488191049 2.69506323433354 3.23200801891448 3.4191917083011 1.95097269841417 1.95244347461513 2.68287535725704 2.61403522882104 2.63702834404405 1.59208896599944 2.02763776175355 1.69700444196471 1.88961217165643
G 3.70206923524793 -0.0480931781206493 1.85485570076584 2.13164871834974 1.90501536914817 2.65612084482105 2.17721489560575 1.67660597329977 0.869978149961495 0.462761908668525 2.41502454376347 0.142549531696167 3.82712263505895 2.31378266551983 2.36562514824217 2.28829634329663 3.19617334265403 2.59957521086994 4.91125199037366 0.878299352380514 2.34983874399814 3.36468027447039 3.45807299255416 1.43697426242036 1.73324818773403 2.48453933233520 2.30638107911369 2.04400394451077 0.919632900600998 1.15788679164099 1.56301798702811 1.94784831245973
G 2.61835223664798 -0.911812897356086 1.89729866892094 1.78263959261895 1.82097042780749 2.33970668144892 2.01923097475584 2.54458030977961 1.5872250227879 -0.135472589814943 3.81472964041137 -0.480836816902308 3.57153249836089 2.07268602447039 2.30155831603896 1.49018023252414 2.34251987806036 2.96346829411780 4.68892012108673 2.27822129133943 3.01731136122535 1.02148701004574 2.04778089110184 2.41864281893699 1.8547745492683 2.30386816949922 2.90431246642687 3.21726677103512 0.947062468116663 1.71396764308561 1.14492182306247 1.9312803680618
G 2.73519379133127 -1.18875035593597 0.839085963438941 2.50826194580481 1.35479961765282 1.99469614995077 1.83296586985481 2.53756076783489 0.768297509271267 0.629690953530756 2.39588470751133 0.63952580988352 3.95869366789705 1.48960585396354 2.06281254309241 1.82493470164219 2.00056006368473 2.85809251026303 4.49825308169675 0.673047937277593 1.73226774710502 0.987367643573275 2.45826463209158 1.44105405310329 1.15740841627803 1.94450610670614 2.14789835284546 2.32359179901797 1.00441174965133 1.39125976308237 1.18688717265204 2.63996534581517
G 2.65752762717719 -0.310034026521845 2.18216000769625 2.15243720795067 1.79308176128113 2.57509014999294 1.82692524144009 2.69442607946948 0.877208057193125 0.174128921954352 2.65989954240556 0.58556063357622 4.22400566241783 1.93115366283250 2.30489961242627 2.34498008969742 2.20266828897048 2.96004576772609 4.9604563960822 1.37542126264761 2.28075821027459 1.00260016255711 1.38604367970193 1.56795790980732 1.28713284191987 1.77085677207685 2.06759552890655 2.10189811962163 0.918096700131338 1.72341394174019 1.51622377439863 2.43531427643481
G 2.69703037187282 -0.536128218190794 1.99048495126143 2.9376479723891 1.75549193115751 2.70085484315713 2.23905235921608 2.54297915497838 1.28541089185018 0.753913062986866 2.31617650981337 0.342201436227069 4.28487387085378 1.80868484027453 2.47928487719494 2.03413855896937 2.33433469755822 3.06031301255038 5.05369938124728 1.74816876689903 2.24522405862794 0.633685881820752 2.30969277348097 1.91040135818655 1.77300206050058 2.38355789107629 2.45369509750724 2.72202700229165 1.52978441067678 1.76102627232164 1.43355800360488 2.92333511404847
Q 3.62210991276721 -1.08529556118485 1.32667258628429 2.92023989740127 1.18517462040757 1.65434882870817 1.98409557373512 0.85892582142113 1.12747586547768 0.201032575430242 2.71678421498395 -0.580747676808449 3.70298063844088 2.09920801636173 2.17461063198605 1.60173159489867 2.39861519541007 2.59998499402491 4.404972967307 1.07623528049524 2.23350775365407 3.78457751322881 3.60700659773946 0.939772152731278 1.15697584640072 1.63823073206547 2.02405765537535 2.24686792241683 2.01472251091805 1.68971751512272 0.913173959782283 1.83603533227150
Q 3.71439538622035 -0.587491428488678 1.91853739595199 2.90474189993728 1.76290773195715 2.27786761759460 2.31028665964748 0.889444125103066 0.922082328155955 -0.184408292513289 2.8315307528226 0.66873685812196 3.6737573391106 2.08041469301444 2.37943149793007 1.88491460131150 2.24047189504770 3.12725203796051 4.2898636472601 1.48832328317781 1.83740410410171 3.72749380558251 3.27920743434895 1.18855420631467 1.00731464785112 1.34296213527026 2.06132333120678 2.35468168964792 1.39087473019524 1.71819390891679 1.29243517311763 1.93987152463583
Q 3.45574001622141 -0.421390501698743 1.28646247880969 2.90069721090147 2.06171395749181 1.93775138524422 2.26081249053920 1.12642831101469 0.98120160867875 1.24263594860504 2.80441533939361 -0.116690907245780 3.75459408804713 1.66665655223821 2.29651410176327 1.58205526644601 1.88526310913045 2.98157421963733 4.10569341963145 0.946373474504862 1.81935928270607 4.12711722360751 2.99385826870327 1.26246144302436 0.990018217366292 1.37808876208659 2.15861471757401 2.62958871486111 0.912367927729057 1.74906541098949 1.10093678493213 2.28735175258846
Q 3.10437051160594 -1.27590380933155 0.81483307901823 3.18180997552733 0.963081069150679 2.19431278662973 2.44864403713816 1.85820078827192 -1.69244611283793 0.94288787116506 . -0.471083892520058 3.70255193332862 1.68129651379197 2.18196496158483 1.49113804324227 2.11455660258859 3.16372245840017 4.07448205213298 . . 3.16246152469523 2.55682343136947 . . . 0.471293047588491 . 1.40029523979307 1.61563467279401 1.56480449700175 2.4187711207786
Q 3.20268241649842 -1.12661347831823 1.69510373457069 2.21248137600937 1.55987770485733 2.1663902708738 2.14987658939721 2.38479271708248 1.37323961756013 -0.890536341705738 3.21132700408 0.97333130099291 3.43381460894623 1.63310209393143 2.38846118412382 1.48228726236234 2.12566627508686 2.99222758931647 4.30799566917046 1.28314306999414 2.38994850801102 2.52211243369305 2.72374111892075 1.73860409136145 1.38043231283925 1.92457888971055 1.90123898514504 2.33716592390734 1.18156132272680 1.90375065333612 0.608976727956832 1.44940609926152
Q 3.15933543755705 -0.420772967823751 2.07189244380781 2.46168928390257 1.70740963808994 2.50012804762506 2.32988892752139 0.0206101443037966 1.11334118397425 0.0116903013746338 2.87575996819456 -0.47595200581097 3.51385083905409 1.61065491159012 2.57191595733104 1.86829356738515 2.10231347344606 3.14210233414339 4.34257141402587 1.05612491511814 2.14354903243716 3.8727818440658 3.28672260517682 1.45462614747154 1.14154744089709 1.63649311727003 2.33034139792652 2.67724478249060 1.45720635657650 1.73551869305338 1.50179345723755 1.34257408208609
Q 2.75773900898945 -0.506541314539450 1.95066535369906 2.72308895010816 1.77563516858607 1.95816489483947 2.19623019421226 2.79284375943807 1.28058581268346 -0.501675117637853 3.19323139944768 0.0955969568616716 3.52712014779411 1.62733800556917 2.47627273457942 1.66055859692542 1.99885398768783 3.13248726479693 4.55882955426294 1.56141308132260 2.3170114311678 2.38320563368992 2.44619475383196 1.80647176075946 1.4316124092266 1.94933556134055 2.30164214856165 2.54313314349048 1.68137552391522 2.03337063946413 1.37079036794328 2.15137840868951
Q 2.45424673487768 0.624797459350365 1.53060723661978 2.60754344244006 2.54659462760962 2.37263415318395 2.31222210744202 1.85109651737913 1.59397085177146 1.19024635620748 3.78285317307036 0.00283657311985481 4.04339492807485 1.90632196153445 2.52187442634341 2.21554255188246 2.18457839482707 2.40618838063066 4.90369019030819 1.94077225838526 2.98156032419586 3.627680284464 1.94036820653529 2.11135727291864 1.66215377049797 2.05107039751815 2.28568590264255 2.76295786909817 1.34212416345139 2.31236570647574 1.05199799557336 1.88074514600464
Q 2.57275168613153 0.376101588797667 1.43346130381598 2.32755444777557 1.87506990896797 2.11948991703394 1.88581700116016 2.77316468134349 0.985526080627785 -0.351209052036723 2.75510272947248 -0.0760062219211112 3.46546567879251 1.17459828670294 2.37714640523077 1.22312036417110 1.33909745454124 2.95159050383950 4.67364135474517 1.19193176105588 2.19821408760941 3.20594218477002 2.29810316413938 1.72299858868627 1.49013870296688 2.07868970912456 2.3529356106072 2.71097126397431 1.13213261879920 1.91706642536986 0.971535373397289 1.67926437771851
Q 2.74089053877834 -0.609049260233164 0.906954605558756 2.41589538527476 1.40218444241966 2.19420290556973 1.96855914177532 1.15210986351014 1.31460419448655 1.13692380657735 2.89647051152246 0.766704333183296 3.53447959324366 1.87879123489872 2.28189134676931 1.73658486281089 2.00693680097119 2.98912433916523 4.49479791019262 1.14590431531671 1.82273910626581 2.14988416177325 2.44968828321616 1.75107293428274 1.30251153039780 2.00123583526916 2.21413162214126 2.53404802211790 1.33046368309557 1.63421500926046 0.983644212293608 1.89609891377015
Q 2.63633376694043 0.155005343069987 1.76288182827681 2.97966152811634 1.99340279153533 1.92886328771716 1.869767092136 2.36080550937628 1.60006500364072 0.998287590488873 3.25054788774636 0.119675111218627 4.27831517524179 1.71426376518518 2.28433944897009 1.8871754010162 1.61099042665998 2.75635662924261 4.69431397443813 1.26589079173733 2.42191155917074 2.94878441878994 1.55889604092081 1.94934880153599 1.36676260213558 1.85678149845675 2.22335561289464 2.60876563387287 0.63641888009033 1.85435479107622 1.19279707788217 2.32403714355718
Q 1.96643982291345 0.230105580052699 2.57724035884039 3.16556833492898 2.41473442241993 1.79589075702798 1.83143584778086 2.64837740532228 1.45061508510388 0.87559364621913 3.16807752374074 0.704355630540324 3.70909655432788 1.85363093693840 2.29272342621010 1.52033693556872 2.28831384139384 2.79944460303343 4.48740190022293 1.38211840393518 2.73441387198119 2.70901706687016 1.71030270947618 1.91172304429796 1.49660494743748 1.95012681782733 2.31962940984330 2.64053152816470 1.48085780764285 0.580974179192927 1.47045957496041 1.87454518065545
W 3.53749390611688 -0.314678635766161 1.96319611080312 2.66956730902534 1.90072827716238 2.03155454453225 1.78571909618435 2.63904922243954 1.60354912752521 0.707557402781246 3.15655163961168 0.316539682313456 4.00726347371177 2.26584942555536 2.37595227654592 1.87304286846388 2.40216378608313 2.67617604115421 4.59093920420785 1.75652634174350 2.49843300478093 3.45479820997762 3.61889798698444 1.93895065931747 2.05007921950982 2.52505217555485 2.64401310089881 2.78942715673247 1.53332745664767 1.82326420862041 1.30961070550884 1.82683660962845
W 3.18864285982998 -0.502318743427371 2.20934515875179 2.9040626090251 1.93854545327914 2.40186673970962 2.17797662951027 2.04063745772456 0.635371393831626 0.732626514114242 2.67118688842898 0.377522456524645 3.94016157631745 2.1013699715812 2.423818879068 2.05180896694535 2.28908274519124 2.97675361270421 4.35396789427679 1.12709552888136 1.72502627488943 1.96220256112363 2.98880518659012 1.10697528776929 0.860893660077845 1.15934821409399 1.95136623749751 2.29632151769807 1.96624337785453 1.53248202728468 1.40518811963759 2.06727119503915
W 3.58324870750257 -0.168983544874927 1.84754920611614 2.84992411459404 1.90572560013296 1.31611180902923 1.63207514588653 2.67511018700107 1.19374963535583 1.52410910458532 3.13062245510657 -0.0325171586659076 3.59654997011888 1.29844463281198 2.20129605538701 0.938801922991408 1.44295055442377 2.893194547851 4.28978647503145 1.26415587926313 . 2.45380453809016 3.22597580028549 1.52981260930183 1.35471751900493 1.70380879669300 1.90440583847706 2.40854814708912 1.77919238315533 1.42095510203848 0.891030809393954 2.31709777276498
W 3.26503074841054 -0.60088929062015 1.92522613059089 3.17593116241488 1.47355426972298 2.74043490961942 1.75805869049958 2.75124288731099 1.55660077430126 0.927574509924977 3.08354010828693 0.776047723805449 3.76439421841426 1.59147188555440 2.85048757580715 1.69615500445949 2.09417262945195 2.44259622171101 4.29177911793701 1.17926084354839 2.51127915138739 3.69903233870914 3.19449509563716 1.77665259958461 1.18804212216614 1.488174118461 1.7890391057256 2.22975511923699 1.42092450564066 2.35677740117747 1.60658284059255 2.06449582124296
W 3.61619915849874 0.152397772954729 2.06164543871661 3.28955692915454 1.76927559058797 2.59897189412593 1.67965944214464 2.81887396599973 1.57514919616471 0.291958764354167 3.18540855129393 0.967864029057264 4.33712348501595 1.58860249479353 2.62960984231508 1.66169463257798 2.01711364198386 2.95918099030027 4.69745169308089 1.67302748971684 2.70610364111634 2.82125108062335 3.14374767096754 1.89337122204661 1.62383844524521 2.17113758471637 2.38613226822624 2.75724079302625 1.22565313821541 2.37118180602060 1.61652513861094 2.27818409537989
W 2.98861173256612 -0.701670803644824 1.82281191271349 2.77575084246378 1.91685883073630 2.05161501256147 1.54644940007869 2.85980229232868 1.24122855936672 -0.173339805753894 3.13790023219273 0.344880289666231 3.76315935791514 1.30783126145846 2.27850354616496 1.05313855406171 1.49197813952269 2.83423899436765 4.52252938953622 1.38275743857722 2.26737461608385 2.52982902624043 2.81728498209263 1.45954359144609 1.18177912654551 1.50267717247518 2.25165099724483 2.45640326040232 1.34438185032785 1.64765581524882 1.28426235537729 1.87170004860975
W 2.62768924279231 -0.140616892741092 2.57164779582409 1.66675825760691 2.28370987152411 2.83859161987328 2.27841114337478 3.00453362775453 1.40512838221360 -0.169596658812524 2.92391382459449 1.18994076411937 3.51306577507128 1.95863646769957 2.73855742076765 1.73247414806464 2.23493464148664 3.16486663524739 4.71679326579092 1.6261343479587 2.6937205536917 1.38305712692691 2.38573085812413 1.7874980690126 1.66448156841575 2.21641993967433 2.43579019489154 2.58007894129829 0.819663216764563 1.29006227649187 2.00228541901654 1.81621172773245
W 2.63977649952201 -0.359664981076359 2.6358223168853 2.34155539018048 2.99484848312626 2.50356311395415 1.80341428721141 3.2379598410841 1.60760469311391 2.14462950032471 3.48278597076812 0.609487870021896 4.55631570475036 2.12149298012409 2.7613556796886 2.14103581088332 2.00642890980648 3.18552956726409 4.72905032977996 2.30871109069546 2.7836419100691 1.40853941991706 2.55730924599539 2.21399472459881 1.73652094651125 2.14193089439266 2.47596848985031 3.09541908917285 1.25215569842993 2.17970794183532 1.81635565440523 2.37612984228183
W 2.94108245760839 -0.333176633093032 2.47977793706277 2.40055291994177 2.13231715853464 2.29227502644375 1.98673808641505 3.05214460080721 1.34875546092603 -0.532591797558464 3.06702626875712 1.09148612443286 3.93077521848731 1.89367355275552 2.70927018994643 1.670777760768 1.95152430301684 3.17770510288292 4.84883865270522 1.52410636011229 2.29133651428170 1.31580279572347 2.65183368471402 2.107250877604 1.38693180790751 1.88323351258187 2.69348869510330 2.86346265598498 0.94902793395786 2.00317289078625 1.74040582214212 1.99755623120594
W 3.14139014853509 0.544557202997174 2.46638390808871 2.8280199996045 2.38657811098448 2.42097647690244 2.26846931147624 2.91711500362785 1.55146763971413 1.73559485552277 3.30520470234135 1.41299556489582 4.50104834729754 2.61530262169762 2.78832328223774 2.58747060872372 2.21426555163949 3.35876652417122 5.1395885982474 1.91892217055563 2.7470212035932 1.87360931227917 3.15068537421267 2.12253814730971 1.60411517175009 2.14867371786447 2.58497563998635 2.82258090179442 1.31563471741098 2.18968489187458 1.46030777523171 2.67451851205340
W 2.77734657319486 0.319539686709805 2.61747641352897 3.10195609145917 2.45058595856147 2.45861965434452 2.09516601164393 2.40892422964610 1.29594286668888 1.55110698558700 3.03913332344998 0.27812737132685 4.58331840541067 2.39092018515272 2.4468938135243 2.39377237623776 2.42357604444883 2.69995324236007 4.93073009918963 1.53353552512621 2.43355423084561 1.11136453207970 0.269638893917453 1.55232991379387 0.959595133869814 1.73627417259365 2.17205952121753 2.38848265825896 1.73568405696543 2.36912760480031 1.66821914212915 2.58018652610288
W 2.59593380467601 -0.116701358380237 2.38714193507601 2.56143125310641 2.17021919234838 2.16544525489681 2.16202793451836 2.32379290902053 1.47661013507143 1.06591483935633 3.35868054893691 0.6073582742303 3.36781555697397 1.66589485919242 2.47647629734881 1.50404672963938 1.81612043333321 2.76635596389296 4.55749318702032 1.48694389751981 2.17433754481575 1.28134606604304 2.32922420017796 1.67736792595425 1.28731588132264 1.88315076811832 2.31565323169648 2.85236801060611 1.78805277458234 1.26440389212175 1.39620914678688 1.51384663312501
